FILL #000000
RECTANGLE 0.0 0.0 1.0 1.0
PEN #FFFFFF
PLOT 0.336492 0.235552
PLOT 0.896505 0.169719
PLOT 0.283804 0.589160
PLOT 0.865037 0.194123
PLOT 0.188216 0.548681
PLOT 0.047656 0.789851
PLOT 0.168696 0.904856
PLOT 0.587655 0.138561
PLOT 0.029540 0.274927
PLOT 0.156462 0.673318
PLOT 0.575948 0.299182
PEN #0000FF
PLOT 0.453672 0.851311
PLOT 0.603206 0.002372
PLOT 0.050746 0.799212
PLOT 0.460386 0.243586
PLOT 0.011023 0.837306
PLOT 0.535768 0.538573
PLOT 0.055615 0.764492
PLOT 0.488703 0.180064
PLOT 0.912895 0.443514
PLOT 0.561466 0.504521
PLOT 0.888733 0.664213
PEN #FF0000
PLOT 0.844652 0.357826
PLOT 0.625279 0.482355
PLOT 0.940967 0.297796
PLOT 0.478004 0.232552
PLOT 0.074824 0.837983
PLOT 0.933897 0.196005
PLOT 0.328905 0.085089
PLOT 0.018094 0.467306
PLOT 0.353928 0.451433
PLOT 0.691917 0.909236
PLOT 0.594122 0.734229
PLOT 0.832187 0.210488
PLOT 0.798462 0.745077
PLOT 0.499853 0.968454
PLOT 0.346504 0.845883
PLOT 0.855385 0.407713
PLOT 0.707696 0.201544
PLOT 0.259062 0.814577
PLOT 0.174336 0.295088
PLOT 0.806156 0.018998
PLOT 0.860874 0.267558
PEN #00FFFF
PLOT 0.790247 0.287432
PLOT 0.846070 0.942759
PLOT 0.362237 0.803654
PLOT 0.249523 0.976133
PLOT 0.958367 0.509307
PLOT 0.980413 0.427336
PLOT 0.907403 0.451916
PLOT 0.873799 0.197717
PLOT 0.995358 0.945321
PLOT 0.938648 0.196736
PLOT 0.665500 0.785974
PLOT 0.481761 0.805478
PLOT 0.962083 0.488273
PLOT 0.943092 0.190746
PEN #00FF00
PLOT 0.288151 0.003051
PLOT 0.380480 0.289850
PLOT 0.540900 0.665621
PLOT 0.675587 0.834024
PLOT 0.212548 0.183193
PLOT 0.697902 0.607534
PLOT 0.600272 0.316250
PLOT 0.859946 0.249876
PLOT 0.355729 0.534429
PLOT 0.724348 0.300078
PLOT 0.222814 0.334678
PLOT 0.582255 0.854941
PLOT 0.961742 0.097945
PLOT 0.212588 0.167211
PEN #FF00FF
PLOT 0.138183 0.330370
PLOT 0.352927 0.744955
PLOT 0.668118 0.885944
PLOT 0.765362 0.030082
PLOT 0.752226 0.299804
PLOT 0.164427 0.531754
PLOT 0.108043 0.674834
PLOT 0.689281 0.369559
PLOT 0.213782 0.658948
PLOT 0.048574 0.541660
PLOT 0.614641 0.926413
PLOT 0.944003 0.874742
PLOT 0.210552 0.233812
PLOT 0.887313 0.535415
PLOT 0.843784 0.559694
PEN #FFFF00
PLOT 0.065583 0.186858
PLOT 0.435438 0.056717
PLOT 0.480879 0.359815
PLOT 0.381813 0.546039
PLOT 0.192926 0.373676
PLOT 0.914763 0.065955
PLOT 0.127249 0.191206
PLOT 0.654603 0.550251
PLOT 0.576219 0.919617
PLOT 0.639769 0.056473
PLOT 0.216798 0.280989
PLOT 0.704353 0.090278
PLOT 0.196271 0.266697
PLOT 0.192809 0.479269
FILL OFF
PEN #FFFFFF
RECTANGLE 0.115000 0.115000 0.140000 0.140000
RECTANGLE 0.187727 0.115000 0.212727 0.140000
RECTANGLE 0.260455 0.115000 0.285455 0.140000
RECTANGLE 0.405909 0.115000 0.430909 0.140000
RECTANGLE 0.478636 0.115000 0.503636 0.140000
RECTANGLE 0.551364 0.115000 0.576364 0.140000
RECTANGLE 0.696818 0.115000 0.721818 0.140000
RECTANGLE 0.769545 0.115000 0.794545 0.140000
RECTANGLE 0.115000 0.187727 0.140000 0.212727
RECTANGLE 0.405909 0.187727 0.430909 0.212727
RECTANGLE 0.551364 0.187727 0.576364 0.212727
RECTANGLE 0.696818 0.187727 0.721818 0.212727
RECTANGLE 0.842273 0.187727 0.867273 0.212727
RECTANGLE 0.115000 0.260455 0.140000 0.285455
RECTANGLE 0.405909 0.260455 0.430909 0.285455
RECTANGLE 0.478636 0.260455 0.503636 0.285455
RECTANGLE 0.551364 0.260455 0.576364 0.285455
RECTANGLE 0.696818 0.260455 0.721818 0.285455
RECTANGLE 0.769545 0.260455 0.794545 0.285455
RECTANGLE 0.115000 0.333182 0.140000 0.358182
RECTANGLE 0.405909 0.333182 0.430909 0.358182
RECTANGLE 0.551364 0.333182 0.576364 0.358182
RECTANGLE 0.696818 0.333182 0.721818 0.358182
RECTANGLE 0.842273 0.333182 0.867273 0.358182
RECTANGLE 0.115000 0.405909 0.140000 0.430909
RECTANGLE 0.187727 0.405909 0.212727 0.430909
RECTANGLE 0.260455 0.405909 0.285455 0.430909
RECTANGLE 0.405909 0.405909 0.430909 0.430909
RECTANGLE 0.551364 0.405909 0.576364 0.430909
RECTANGLE 0.696818 0.405909 0.721818 0.430909
RECTANGLE 0.769545 0.405909 0.794545 0.430909
RECTANGLE 0.115000 0.551364 0.140000 0.576364
RECTANGLE 0.187727 0.551364 0.212727 0.576364
RECTANGLE 0.260455 0.551364 0.285455 0.576364
RECTANGLE 0.405909 0.551364 0.430909 0.576364
RECTANGLE 0.478636 0.551364 0.503636 0.576364
RECTANGLE 0.551364 0.551364 0.576364 0.576364
RECTANGLE 0.696818 0.551364 0.721818 0.576364
RECTANGLE 0.769545 0.551364 0.794545 0.576364
RECTANGLE 0.842273 0.551364 0.867273 0.576364
RECTANGLE 0.260455 0.624091 0.285455 0.649091
RECTANGLE 0.405909 0.624091 0.430909 0.649091
RECTANGLE 0.551364 0.624091 0.576364 0.649091
RECTANGLE 0.842273 0.624091 0.867273 0.649091
RECTANGLE 0.115000 0.696818 0.140000 0.721818
RECTANGLE 0.187727 0.696818 0.212727 0.721818
RECTANGLE 0.260455 0.696818 0.285455 0.721818
RECTANGLE 0.405909 0.696818 0.430909 0.721818
RECTANGLE 0.551364 0.696818 0.576364 0.721818
RECTANGLE 0.696818 0.696818 0.721818 0.721818
RECTANGLE 0.769545 0.696818 0.794545 0.721818
RECTANGLE 0.842273 0.696818 0.867273 0.721818
RECTANGLE 0.260455 0.769545 0.285455 0.794545
RECTANGLE 0.405909 0.769545 0.430909 0.794545
RECTANGLE 0.551364 0.769545 0.576364 0.794545
RECTANGLE 0.696818 0.769545 0.721818 0.794545
RECTANGLE 0.115000 0.842273 0.140000 0.867273
RECTANGLE 0.187727 0.842273 0.212727 0.867273
RECTANGLE 0.260455 0.842273 0.285455 0.867273
RECTANGLE 0.405909 0.842273 0.430909 0.867273
RECTANGLE 0.478636 0.842273 0.503636 0.867273
RECTANGLE 0.551364 0.842273 0.576364 0.867273
RECTANGLE 0.696818 0.842273 0.721818 0.867273
RECTANGLE 0.769545 0.842273 0.794545 0.867273
RECTANGLE 0.842273 0.842273 0.867273 0.867273