LINE 0.000000 0.000000 1.000000 0.000000
LINE 1.000000 0.000000 1.000000 1.000000
LINE 1.000000 1.000000 0.000000 1.000000
LINE 0.000000 1.000000 0.000000 0.000000
LINE 0.100000 0.000000 1.000000 0.100000
LINE 1.000000 0.100000 0.900000 1.000000
LINE 0.900000 1.000000 0.000000 0.900000
LINE 0.000000 0.900000 0.100000 0.000000
LINE 0.200000 0.000000 1.000000 0.200000
LINE 1.000000 0.200000 0.800000 1.000000
LINE 0.800000 1.000000 0.000000 0.800000
LINE 0.000000 0.800000 0.200000 0.000000
LINE 0.300000 0.000000 1.000000 0.300000
LINE 1.000000 0.300000 0.700000 1.000000
LINE 0.700000 1.000000 0.000000 0.700000
LINE 0.000000 0.700000 0.300000 0.000000
LINE 0.400000 0.000000 1.000000 0.400000
LINE 1.000000 0.400000 0.600000 1.000000
LINE 0.600000 1.000000 0.000000 0.600000
LINE 0.000000 0.600000 0.400000 0.000000
LINE 0.500000 0.000000 1.000000 0.500000
LINE 1.000000 0.500000 0.500000 1.000000
LINE 0.500000 1.000000 0.000000 0.500000
LINE 0.000000 0.500000 0.500000 0.000000
LINE 0.600000 0.000000 1.000000 0.600000
LINE 1.000000 0.600000 0.400000 1.000000
LINE 0.400000 1.000000 0.000000 0.400000
LINE 0.000000 0.400000 0.600000 0.000000
LINE 0.700000 0.000000 1.000000 0.700000
LINE 1.000000 0.700000 0.300000 1.000000
LINE 0.300000 1.000000 0.000000 0.300000
LINE 0.000000 0.300000 0.700000 0.000000
LINE 0.800000 0.000000 1.000000 0.800000
LINE 1.000000 0.800000 0.200000 1.000000
LINE 0.200000 1.000000 0.000000 0.200000
LINE 0.000000 0.200000 0.800000 0.000000
LINE 0.900000 0.000000 1.000000 0.900000
LINE 1.000000 0.900000 0.100000 1.000000
LINE 0.100000 1.000000 0.000000 0.100000
LINE 0.000000 0.100000 0.900000 0.000000
LINE 1.000000 0.000000 1.000000 1.000000
LINE 1.000000 1.000000 0.000000 1.000000
LINE 0.000000 1.000000 0.000000 0.000000
LINE 0.000000 0.000000 1.000000 0.000000
PEN #BBBBBB
FILL #BBBBBB
ELLIPSE 0.17 0.17 0.83 0.83
PEN #888888
FILL #888888
ELLIPSE 0.18 0.18 0.82 0.82
PEN #444444
FILL #444444
ELLIPSE 0.19 0.19 0.81 0.81
PEN #000000
FILL #000000
ELLIPSE 0.2 0.2 0.8 0.8
FILL #FFFF00
ELLIPSE 0.25 0.25 0.75 0.75
FILL #000000
ELLIPSE 0.3 0.25 0.8 0.75